# oST version 5.0 parameters


[image]

width
1920

height
1080

[narrow_stereo]

camera matrix
1330.055369 0.000000 943.875045
0.000000 1334.050993 570.720338
0.000000 0.000000 1.000000

distortion
-0.346887 0.107845 -0.001921 0.000251 0.000000

rectification
1.000000 0.000000 0.000000
0.000000 1.000000 0.000000
0.000000 0.000000 1.000000

projection
1043.143935 0.000000 936.669493 0.000000
0.000000 1252.712231 573.389375 0.000000
0.000000 0.000000 1.000000 0.000000
