image_width: 1920
image_height: 1080
camera_name: narrow_stereo
camera_matrix:
  rows: 3
  cols: 3
  data: [1330.05537,    0.     ,  943.87505,
            0.     , 1334.05099,  570.72034,
            0.     ,    0.     ,    1.     ]
distortion_model: plumb_bob
distortion_coefficients:
  rows: 1
  cols: 5
  data: [-0.346887, 0.107845, -0.001921, 0.000251, 0.000000]
rectification_matrix:
  rows: 3
  cols: 3
  data: [1., 0., 0.,
         0., 1., 0.,
         0., 0., 1.]
projection_matrix:
  rows: 3
  cols: 4
  data: [1043.14393,    0.     ,  936.66949,    0.     ,
            0.     , 1252.71223,  573.38937,    0.     ,
            0.     ,    0.     ,    1.     ,    0.     ]
