calibration_date: '2025-12-15 21:57:49'
lens_type: fisheye
image_resolution:
  width: 1280
  height: 720
camera_matrix:
  rows: 3
  cols: 3
  data:
  - 832.4189984146238
  - 0.0
  - 659.4425073628831
  - 0.0
  - 828.1008814807332
  - 373.7964432215087
  - 0.0
  - 0.0
  - 1.0
distortion_coefficients:
  count: 4
  data:
  - -0.14177762875407807
  - 0.061921577891883794
  - -0.18713561091941683
  - 0.1249690222637645
field_of_view:
  horizontal: 100.48937875218458
  vertical: 51.46951148885787
  diagonal: 120.91005547670261
reprojection_error:
  rms: 1.2445083130806498
  unit: pixels
calibration_parameters:
  chessboard_size:
    columns: 11
    rows: 8
  square_size_mm: 30.0
  used_images_count: 122
  total_images_count: 122
notes:
- "HFOV: Horizontal Field of View (\u6C34\u5E73\u89C6\u573A\u89D2)"
- "VFOV: Vertical Field of View (\u5782\u76F4\u89C6\u573A\u89D2)"
- "DFOV: Diagonal Field of View (\u5BF9\u89D2\u89C6\u573A\u89D2)"
- RMS error < 1.0 is considered good for most applications
- For fisheye cameras, error < 2.0 may be acceptable due to extreme distortion
