焦距&视场角：
2.8 mm：水平视场角：105°，垂直视场角：57°，对角视场角：124°
4 mm：水平视场角：88°，垂直视场角：44°，对角视场角：107°
6 mm：水平视场角：54°，垂直视场角：29°，对角视场角：64°
8mm：水平视场角：41°，垂直视场角：23°，对角视场角：47°

当前设备选用2.8mm焦距，间隔60°安装，故水平视场角为225°，垂直视场角为57°。



————————————————————————————————————————————————————————————————————————————————————————————————————————————————————————————————————————————
rtsp0:
mono pinhole calibration...
D = [-5.435962122986187, 49.02156818460303, 0.028361452797719903, 0.23046863195915165, 0.0]
K = [3966.0655548011664, 0.0, 641.0089084772386, 0.0, 3850.839305445303, 326.81800616315144, 0.0, 0.0, 1.0]
R = [1.0, 0.0, 0.0, 0.0, 1.0, 0.0, 0.0, 0.0, 1.0]
P = [3246.2044108523, 0.0, 758.8324355652078, 0.0, 0.0, 3719.390704325884, 327.5181264448773, 0.0, 0.0, 0.0, 1.0, 0.0]
None
# oST version 5.0 parameters


[image]

width
1280

height
720

[narrow_stereo]

camera matrix
3966.065555 0.000000 641.008908
0.000000 3850.839305 326.818006
0.000000 0.000000 1.000000

distortion
-5.435962 49.021568 0.028361 0.230469 0.000000

rectification
1.000000 0.000000 0.000000
0.000000 1.000000 0.000000
0.000000 0.000000 1.000000

projection
3246.204411 0.000000 758.832436 0.000000
0.000000 3719.390704 327.518126 0.000000
0.000000 0.000000 1.000000 0.000000
————————————————————————————————————————————————————————————————————————————————————————————————————————————————————————————————————————————
rtsp1:
mono pinhole calibration...
D = [-0.4014923247782977, 0.12145854959323929, -0.0069795232136751545, 0.0012824186067005737, 0.0]
K = [842.5374185200435, 0.0, 657.3189812328876, 0.0, 842.3967286481217, 406.016711165018, 0.0, 0.0, 1.0]
R = [1.0, 0.0, 0.0, 0.0, 1.0, 0.0, 0.0, 0.0, 1.0]
P = [587.2929920566927, 0.0, 674.7597510450892, 0.0, 0.0, 772.657099869346, 410.4711566511036, 0.0, 0.0, 0.0, 1.0, 0.0]
None
# oST version 5.0 parameters


[image]

width
1280

height
720

[narrow_stereo]

camera matrix
842.537419 0.000000 657.318981
0.000000 842.396729 406.016711
0.000000 0.000000 1.000000

distortion
-0.401492 0.121459 -0.006980 0.001282 0.000000

rectification
1.000000 0.000000 0.000000
0.000000 1.000000 0.000000
0.000000 0.000000 1.000000

projection
587.292992 0.000000 674.759751 0.000000
0.000000 772.657100 410.471157 0.000000
0.000000 0.000000 1.000000 0.000000
————————————————————————————————————————————————————————————————————————————————————————————————————————————————————————————————————————————
rtsp2:
mono pinhole calibration...
D = [-0.3956645946934403, 0.12052676146728888, 0.0041206520346132244, 0.0005191701991949152, 0.0]
K = [850.7630908408303, 0.0, 653.4165081112944, 0.0, 850.7783631966303, 355.3871830803087, 0.0, 0.0, 1.0]
R = [1.0, 0.0, 0.0, 0.0, 1.0, 0.0, 0.0, 0.0, 1.0]
P = [603.6561413940113, 0.0, 665.1255459256633, 0.0, 0.0, 784.5715088021826, 357.24102054589207, 0.0, 0.0, 0.0, 1.0, 0.0]
None
# oST version 5.0 parameters


[image]

width
1280

height
720

[narrow_stereo]

camera matrix
850.763091 0.000000 653.416508
0.000000 850.778363 355.387183
0.000000 0.000000 1.000000

distortion
-0.395665 0.120527 0.004121 0.000519 0.000000

rectification
1.000000 0.000000 0.000000
0.000000 1.000000 0.000000
0.000000 0.000000 1.000000

projection
603.656141 0.000000 665.125546 0.000000
0.000000 784.571509 357.241021 0.000000
0.000000 0.000000 1.000000 0.000000

